31
280
73
768
737
837
93
20
25
712
700
308
847
610
653
857
929
965
775
987
5
812
865
918
824
571
321
603
445
587
178
829
868
603
597
605
440
690
625
466
754
325
126
602
287
131
811
217
449
938
204
454
103
69
724
927
992
397
531
789
984
61
970
852
665
919
809
105
962
435
923
716
112
49
670
400
533
833
969
982
772
525
436
875
946
512
802
290
909
685
79
245
99
402
98
764
321
907
221
283
694
497
352
807
898
374
559
431
208
880
413
980
405
201
207
351
65
361
993
326
399
72
572
498
826
670
262
500
929
835
783
624
332
487
783
231
862
694
662
70
574
428
402
331
981
961
34
47
322
27
373
721
451
297
571
278
967
833
778
249
21
913
225
353
753
360
584
615
406
599
37
980
379
791
663
360
752
697
759
426
76
485
500
527
782
71
157
102
905
287
351
278
201
928
631
306
288
568
921
694
167
958
26
546
101
689
258
853
738
18
279
814
503
779
693
285
851
851
739
108
138
90
386
691
370
369
997
658
937
270
704
456
580
730
354
681
771
613
534
861
983
166
27
838
945
73
475
148
924
215
608
414
305
994
458
676
716
807
686
653
78
391
110
10
473
464
692
597
429
578
458
412
744
838
250
42
911
726
190
187
941
799
953
598
145
411
626
861
571
665
867
1
56
977
11
881
793
703
478
223
634
289
987
378
127
590
420
390
316
963
577
609
114
530
559
611
294
186
825
865
851
692
866
259
21
229
140
166
285
971
741
919
612
729
649
91
319
70
481
987
385
410
596
851
940
507
462
586
693
287
803
896
331
669
155
352
251
648
519
536
971
612
807
583
341
456
674
12
526
155
351
263
917
299
114
857
807
577
796
500
216
599
749
548
621
256
252
872
904
771
760
875
736
567
810
77
23
484
442
902
991
793
165
908
445
280
118
252
209
914
104
425
513
853
325
134
110
578
358
366
701
118
594
437
685
404
867
709
889
661
611
880
454
128
141
251
408
259
503
969
173
960
747
38
813
72
525
275
2
883
642
704
354
588
493
39
992
360
100
881
21
63
114
828
192
255
79
952
866
935
922
391
895
21
429
60
445
306
688
448
542
682
152
896
270
645
287
262
358
740
496
731
803
962
911
347
569
991
300
435
278
574
826
525
595
607
585
40
914
273
840
456
307
992
352
577
990
991
840
700
731
688
431
535
650
343
882
219
686
534
6
316
108
832
841
55
791
426
448
705
52
288
513
359
633
217
289
975
209
481
675
940
169
458
827
171
153
62
390
839
596
748
155
57
932
348
112
723
775
912
781
179
201
294
890
834
512
531
161
721
12
836
13
181
646
841
352
800
903
94
639
851
842
147
908
774
495
21
850
622
933
631
153
486
925
396
672
789
927
833
510
940
21
876
473
668
69
178
468
972
624
459
823
467
606
732
593
454
105
443
428
390
426
582
877
352
330
901
141
257
735
4
549
756
880
375
424
301
553
892
273
177
704
448
996
662
532
942
116
989
737
897
732
164
479
609
868
161
510
9
770
597
365
320
354
597
47
130
898
600
375
523
129
79
324
478
741
208
420
210
198
157
107
930
673
938
891
541
99
753
903
869
351
268
541
57
218
588
539
116
540
914
992
670
345
316
148
87
524
920
649
74
429
756
356
103
694
247
996
145
353
899
366
56
520
260
465
90
200
4
206
741
271
550
763
616
866
263
55
743
183
704
169
612
812
526
67
858
125
416
355
830
667
722
886
187
982
351
277
534
708
836
275
331
738
38
947
605
653
355
700
836
411
869
801
224
747
220
434
873
636
790
703
304
512
942
843
846
645
473
380
353
661
8
36
399
398
984
356
52
691
56
240
102
278
393
678
25
614
465
898
602
255
954
906
119
896
102
965
541
927
697
247
588
705
283
339
104
619
696
508
662
104
748
117
382
142
795
408
108
260
658
710
867
612
969
986
860
71
303
754
350
1
1
938
58
636
277
514
608
325
22
270
430
123
387
812
617
535
572
725
147
231
435
15
195
756
1
408
827
305
162
177
658
515
467
716
151
97
231
111
774
605
382
204
728
121
369
345
656
293
70
804
876
858
171
424
614
524
832
794
829
994
323
487
509
143
556
12
240
787
124
366
392
858
571
473
979
292
818
636
937
241
792
814
99
315
238
713
839
70
507
669
64
183
508
925
326
64
937
918
203
413
284
948
271
207
421
251
499
239
239
437
480
383
603
579
698
841
645
537
263
504
558
679
687
419
604
365
483
893
283
39
659
568
987
930
775
760
533
